0
1
1
1
2
3
4
5
6
7
8
9
10
11
12
13
14
15
16
17
18
19
20
175
254
247
127
111
214
244
230
208
108
150
71
138
216
204
139
61
31
95
82
202
176
212
223
210
155
234
167
151
228
158
26
206
119
219
228
137
101
185
96
180
57
234
185
243
141
99
148
190
155
129
242
224
243
86
175
190
255
166
243
117
174
251
99
162
88
226
219
164
202
132
250
122
234
129
163
229
180
241
173
248
90
132
160
254
144
239
202
249
194
169
158
248
255
228
242
111
135
131
97
136
167
119
157
74
19
118
254
223
167
122
197
236
195
146
226
150
213
177
196
177
188
248
246
160
251
5
170
164
128
102
254
120
142
197
137
237
136
244
217
166
152
253
192
161
200
55
103
229
195
131
94
148
151
90
186
136
254
226
252
148
145
110
228
140
184
231
193
210
229
204
129
139
108
140
183
142
209
71
223
188
199
163
52
165
212
232
133
145
188
215
204
248
166
253
171
77
125
180
213
219
167
255
150
204
136
232
153
165
224
224
227
104
228
252
150
197
219
237
164
237
228
128
160
181
142
38
206
112
214
184
242
197
111
202
141
225
112
231
97
121
90
87
154
181
242
253
47
128
76
11
160
113
163
173
222
84
243
167
172
23
210
227
163
137
183
227
216
220
204
173
227
170
231
235
164
119
253
234
209
250
170
248
115
250
237
235
111
148
219
215
232
126
221
24
69
222
247
159
236
38
247
82
168
186
107
93
118
151
190
235
75
165
254
102
210
72
122
215
241
125
191
139
139
226
78
185
228
44
63
129
220
204
207
250
208
153
157
188
117
100
232
132
159
61
217
75
205
43
191
235
201
65
232
221
254
106
71
159
203
136
186
229
252
167
249
162
123
223
225
255
73
177
222
75
187
223
176
183
129
200
106
180
192
141
65
231
219
226
181
223
200
138
52
159
223
248
168
168
189
146
198
121
182
243
206
123
240
141
168
167
221
188
112
101
150
203
231
127
186
230
239
120
224
208
121
166
83
230
190
47
245
119
48
191
237
228
220
230
237
65
211
218
234
246
205
242
204
162
195
141
167
170
65
53
129
94
76
95
81
188
219
197
109
116
103
130
233
170
93
181
238
225
126
237
183
244
111
108
217
229
214
225
72
193
183
247
61
238
181
243
176
192
91
242
219
102
172
238
220
191
174
245
218
254
128
100
112
223
251
242
232
127
44
187
229
61
118
98
223
164
146
158
253
225
178
155
68
227
184
188
243
231
234
217
174
237
194
216
142
151
229
198
139
95
204
208
72
175
154
62
209
183
120
162
178
247
242
196
186
236
121
180
162
238
215
227
228
88
187
181
145
226
228
177
246
230
50
205
194
66
198
172
134
146
208
158
215
196
79
246
242
222
101
232
15
60
162
194
168
69
193
58
202
200
206
224
225
56
96
159
137
208
209
71
122
194
168
10
253
92
22
231
82
186
140
247
212
172
142
201
129
145
161
71
80
199
60
218
107
52
188
235
199
185
66
84
75
51
175
191
236
60
162
164
250
12
154
71
228
234
144
162
30
146
63
154
208
204
243
188
205
197
238
154
223
182
133
175
229
75
109
180
137
72
214
179
173
75
229
109
111
108
47
188
181
230
243
185
62
198
241
185
200
173
60
138
60
119
55
131
9
238
241
253
155
85
159
110
235
140
226
174
191
245
248
195
179
203
159
159
229
230
241
168
117
187
251
227
158
229
249
118
176
53
225
212
163
187
165
203
203
239
169
242
87
223
191
68
140
132
230
105
234
220
230
168
159
203
134
206
253
209
87
190
143
48
199
109
254
147
245
163
201
55
223
84
51
245
209
69
238
66
239
84
182
185
251
192
77
120
195
166
181
222
200
58
249
124
205
205
242
63
218
162
228
235
226
63
119
139
190
159
202
231
142
105
254
181
181
223
145
203
71
189
223
37
149
130
224
177
210
227
207
211
159
155
222
169
193
200
88
161
216
238
139
152
201
187
124
242
158
228
178
122
96
207
228
25
42
133
175
152
202
153
225
169
153
15
207
207
217
71
180
129
240
159
171
206
253
112
163
136
249
240
135
113
206
250
247
37
177
116
142
123
181
229
163
134
160
182
219
64
155
183
143
165
92
206
186
170
182
135
122
171
240
87
146
125
218
127
218
104
227
143
138
87
88
134
151
217
227
181
198
123
194
228
11
176
118
193
188
219
181
99
113
213
134
69
232
181
143
172
209
187
156
166
218
95
71
67
16
171
102
208
247
86
204
174
245
175
190
184
111
211
107
109
67
165
252
158
160
227
227
34
229
224
107
156
106
20